307200 32760 32760 326.59023199 233.777838828 326.59023199 233.777838828
307200 32848 88 327.290245981 233.497625426 0.700013991259 -0.280213401633
307200 32899 51 325.769141919 233.941487583 -1.52110406228 0.443862157004
307200 33169 270 324.580632518 232.870149839 -1.18850940089 -1.0713377445
307200 32656 -513 325.594592112 232.735975012 1.01395959339 -0.134174826456
307200 32996 340 325.04036853 232.461268032 -0.554223582191 -0.27470697976
307200 32685 -311 325.766712559 233.388037326 0.726344029759 0.926769293502
307200 32711 26 325.25395127 233.332518113 -0.512761289063 -0.0555192128176
307200 32887 176 325.163225591 234.338735671 -0.090725679556 1.00621755746
307200 32983 96 326.597065155 234.612739896 1.43383956412 0.27400422568
307200 33115 132 325.755730032 235.548784539 -0.841335123069 0.936044642418
307200 33024 -91 326.30589874 236.021408672 0.550168708602 0.472624133752
307200 32906 -118 324.671184586 235.838722421 -1.63471415391 -0.182686251038
307200 32889 -17 325.160053513 236.066618018 0.488868926935 0.227895596739
307200 32847 -42 323.850884403 236.080951076 -1.30916910989 0.0143330580194
307200 32893 46 323.793269085 235.643662785 -0.0576153188386 -0.437288290807
307200 32949 56 322.947312513 234.002852894 -0.84595657133 -1.64080989153
307200 32743 -206 324.241669975 231.910484684 1.29435746198 -2.09236821012
307200 32811 68 321.449971046 229.184937978 -2.79169892897 -2.72554670563
307200 32515 -296 321.013316931 226.382408119 -0.436654115648 -2.80252985879
307200 32503 -12 323.020059687 224.322339476 2.00674275615 -2.06006864297
307200 32202 -301 323.120706788 222.61008633 0.1006471016 -1.71225314631
307200 32562 360 323.766353418 222.194674774 0.645646629696 -0.415411555765
307200 32269 -293 324.57324367 223.623756547 0.806890252301 1.42908177225
307200 32406 137 324.324384373 224.296642597 -0.248859297132 0.672886050519
307200 32570 164 323.05723058 225.555634019 -1.26715379298 1.25899142199
307200 32776 206 323.68391506 225.843238955 0.626684479511 0.287604936297
307200 33329 553 322.710192325 225.917549281 -0.973722734798 0.0743103260734
307200 33572 243 321.993297986 227.078696533 -0.716894338585 1.16114725142
307200 33749 177 321.603099351 228.371803609 -0.390198635325 1.29310707617
307200 34243 494 320.277574979 229.447419911 -1.32552437226 1.07561630164
307200 34317 74 319.866072209 231.191071481 -0.411502769719 1.74365156997
307200 34646 329 319.492986203 234.284332968 -0.373086005796 3.09326148712
307200 34479 -167 317.623538966 233.676933786 -1.86944723757 -0.607399181948
307200 34376 -103 313.542907843 231.95831394 -4.08063112307 -1.71861984582
307200 34448 72 308.915728054 231.707007664 -4.6271797888 -0.251306276233
307200 34428 -20 305.331387243 232.727750668 -3.58434081094 1.02074300434
307200 34476 48 298.645260471 232.476331361 -6.68612677189 -0.251419307114
307200 34622 146 290.61873953 230.537115129 -8.02652094127 -1.93921623184
307200 34486 -136 285.205619672 232.002087804 -5.41311985803 1.46497267464
307200 34566 80 280.046461841 233.222762252 -5.15915783064 1.22067444818
307200 34831 265 273.001004852 233.988401137 -7.04545698912 0.765638884994
307200 35044 213 265.001911882 234.144561123 -7.99909296979 0.156159986241
307200 35417 373 255.621509445 230.311037073 -9.38040243759 -3.83352405057
307200 36111 694 245.696491374 226.060812495 -9.9250180708 -4.25022457778
307200 35823 -288 236.894257879 223.207659883 -8.8022334948 -2.85315261149
307200 35405 -418 227.911227228 218.995706821 -8.98303065122 -4.21195306224
307200 34915 -490 224.34999284 215.086982672 -3.56123438804 -3.90872414887
307200 34057 -858 225.712658191 212.943858825 1.36266535093 -2.14312384729
307200 33210 -847 234.32026498 212.887443541 8.60760678975 -0.0564152838091
307200 32168 -1042 244.189536185 213.879289978 9.8692712046 0.991846436515
307200 30289 -1879 256.628181848 216.841328535 12.4386456632 2.96203855749
307200 29380 -909 263.967460858 223.10503744 7.33927900953 6.26370890532
307200 28493 -887 276.48552276 230.909767311 12.5180619022 7.80472987083
307200 28759 266 282.257936646 238.744636462 5.77241388594 7.83486915036
307200 27901 -858 282.975950683 243.895129207 0.718014036852 5.15049274521
307200 26915 -986 299.582017462 249.968493405 16.6060667796 6.07336419833
307200 30918 4003 316.356103241 262.822692283 16.7740857784 12.8541988776
307200 27084 -3834 317.478326687 262.467545414 1.12222344651 -0.355146868546
307200 23366 -3718 305.918171702 264.323333048 -11.5601549849 1.85578763375
307200 21420 -1946 292.7856676 262.188235294 -13.1325041021 -2.1350977539
307200 20880 -540 287.729118774 261.390565134 -5.05654882643 -0.797670160018
307200 21582 702 282.65461959 262.496015198 -5.07449918355 1.10545006375
307200 22003 421 279.904922056 264.887878926 -2.74969753432 2.39186372775
307200 21062 -941 279.251115753 266.194093628 -0.653806302594 1.30621470273
307200 20751 -311 274.250349381 267.65196858 -5.00076637274 1.45787495149
307200 20282 -469 266.818656937 266.333152549 -7.43169244357 -1.31881603077
307200 19393 -889 262.975248801 264.821533543 -3.84340813607 -1.51161900603
307200 19019 -374 257.887954151 262.803039066 -5.08729465 -2.01849447683
307200 18843 -176 259.889879531 264.753330149 2.00192537975 1.95029108293
307200 18984 141 259.45111673 263.764591235 -0.438762800982 -0.988738914403
307200 19175 191 263.437288136 260.352594524 3.98617140572 -3.4119967106
307200 19598 423 265.322634963 260.202979896 1.88534682716 -0.149614628212
307200 18764 -834 264.114527819 260.69867832 -1.20810714352 0.49569842428
307200 18108 -656 262.413739784 259.901645681 -1.70078803571 -0.797032638721
307200 18131 23 261.787104958 256.301307153 -0.626634825163 -3.60033852797
307200 18548 417 260.89977356 252.889260298 -0.887331397867 -3.41204685589
307200 17558 -990 263.137942818 251.475965372 2.2381692576 -1.4132949257
307200 17820 262 262.598316498 249.252525253 -0.539626319772 -2.22344011938
307200 17585 -235 255.563548479 249.768268411 -7.0347680195 0.515743158052
307200 16668 -917 251.454283657 253.845572354 -4.10926482151 4.07730394363
307200 16281 -387 248.164670475 256.329156686 -3.28961318252 2.4835843315
307200 16664 383 250.235177628 261.239198272 2.07050715363 4.91004158602
307200 17052 388 263.252169833 261.493021346 13.016992205 0.253823074746
307200 18563 1511 259.178419437 263.546247913 -4.07375039694 2.05322656604
307200 19331 768 260.919507527 268.595364958 1.74108809026 5.04911704533
307200 19813 482 257.777116035 270.981073033 -3.14239149184 2.38570807502
307200 19453 -360 259.957744307 272.231275382 2.18062827186 1.25020234883
307200 19939 486 258.525302172 272.583479613 -1.43244213517 0.35220423113
307200 20176 237 263.635210151 274.760904044 5.10990797905 2.17742443159
307200 20121 -55 258.403806968 276.61239501 -5.23140318283 1.85149096578
307200 20344 223 265.90021628 276.198240267 7.49640931214 -0.414154742788
307200 21087 743 258.622895623 277.556266894 -7.27732065709 1.35802662689
307200 20784 -303 258.737490377 276.586268283 0.114594754318 -0.969998611
307200 21613 829 259.326053764 275.804700874 0.588563386725 -0.781567408821
307200 21770 157 262.847909968 274.43541571 3.52185620391 -1.36928516478
307200 21634 -136 266.757465101 271.664370898 3.90955513338 -2.77104481203
307200 22168 534 266.692259112 272.565229159 -0.0652059889957 0.900858261487
307200 22119 -49 267.308829513 272.370224694 0.616570400854 -0.195004465446
307200 22296 177 270.802744887 272.860602799 3.49391537389 0.490378105006
307200 22332 36 266.781703385 274.021986387 -4.0210415017 1.16138358854
307200 22560 228 271.541312057 274.368484043 4.75960867146 0.346497655306
307200 21795 -765 270.976416609 276.842119752 -0.564895447424 2.47363570968
307200 21751 -44 262.704335433 277.828099857 -8.27208117646 0.985980105241
307200 20880 -871 259.602729885 279.143965517 -3.1016055478 1.31586565976
307200 21244 364 262.568066278 277.910986632 2.96533639248 -1.23297888572
307200 20978 -266 264.714081419 278.629754981 2.14601514109 0.71876834989
307200 20848 -130 264.016836147 276.467622794 -0.697245271277 -2.16213218786
307200 20544 -304 259.399630062 277.020930685 -4.61720608505 0.553307891805
307200 20708 164 257.317703303 279.938526173 -2.08192675923 2.9175954881
307200 20501 -207 260.617677186 278.278522999 3.29997388341 -1.66000317458
307200 20503 2 260.705067551 277.09593718 0.0873903646114 -1.18258581895
307200 20191 -312 266.410975187 274.147689565 5.70590763587 -2.94824761527
307200 20387 196 262.670132928 278.881444057 -3.74084225912 4.73375449283
307200 20887 500 263.786853067 277.172403888 1.11672013865 -1.7090401699
307200 20457 -430 269.803734663 274.533998142 6.01688159645 -2.63840574514
307200 20934 477 266.880577052 275.805913824 -2.92315761127 1.27191568196
307200 21218 284 268.793100198 274.664671505 1.91252314626 -1.14124231907
307200 21682 464 266.020108846 274.358915229 -2.7729913519 -0.305756276103
307200 21446 -236 264.633358202 273.386085983 -1.38675064405 -0.972829245822
307200 21015 -431 270.448156079 273.613847252 5.814797877 0.227761268563
307200 21195 180 269.476150035 273.597074782 -0.972006043605 -0.0167724701748
307200 21030 -165 271.202853067 271.673276272 1.72670303166 -1.9237985098
307200 21059 29 268.275891543 274.564224322 -2.92696152424 2.89094805015
307200 20946 -113 272.99288647 269.277570897 4.71699492716 -5.28665342555
307200 21602 656 268.933293214 269.043977409 -4.05959325638 -0.233593487092
307200 21323 -279 274.826666041 265.927355438 5.89337282777 -3.11662197171
307200 21132 -191 271.078459209 267.504542873 -3.74820683258 1.57718743558
307200 21598 466 272.886795074 268.102555792 1.80833586484 0.598012918836
307200 21856 258 277.842972182 265.090272694 4.95617710793 -3.01228309821
307200 22605 749 282.240787436 267.279097545 4.39781525486 2.18882485079
307200 22633 28 278.148411611 270.544470463 -4.09237582504 3.26537291869
307200 22693 60 280.130392632 270.071607985 1.98198102073 -0.472862478641
307200 23296 603 280.192135989 266.894917582 0.0617433569218 -3.17669040242
307200 22848 -448 279.712666317 268.909795168 -0.479469672484 2.01487758565
307200 23282 434 276.804827764 267.735718581 -2.90783855259 -1.17407658719
307200 23136 -146 276.953362725 265.96520574 0.14853496082 -1.77051284091
307200 23328 192 272.717935528 266.16087963 -4.23542719664 0.195673889657
307200 22330 -998 275.568428124 265.912270488 2.85049259548 -0.248609141497
307200 22971 641 269.712376475 265.371337774 -5.85605164892 -0.540932714418
307200 22411 -560 269.819731382 261.497389675 0.107354907225 -3.873948099
307200 22528 117 270.859552557 259.177157315 1.03982117491 -2.32023235937
307200 22371 -157 270.392338295 253.609717938 -0.467214261704 -5.56743937694
307200 21525 -846 266.569012776 255.947735192 -3.82332551927 2.33801725324
307200 20921 -604 263.017398786 260.022943454 -3.55161398993 4.07520826231
307200 20724 -197 264.602924146 258.806938815 1.58552536001 -1.21600463905
307200 20632 -92 260.921432726 266.514249709 -3.68149142006 7.70731089429
307200 20974 342 267.164727758 267.845809097 6.24329503231 1.33155938779
307200 21448 474 265.920039164 266.404000373 -1.24468859369 -1.44180872398
307200 21997 549 269.027503751 268.602218484 3.10746458602 2.19821811134
307200 21974 -23 271.261945936 274.41371621 2.23444218559 5.81149772573
307200 22245 271 271.317779276 275.303438975 0.0558333401356 0.889722764984
307200 22909 664 273.969095115 272.051115282 2.65131583921 -3.25232369285
307200 22128 -781 277.549394432 269.610629067 3.58029931694 -2.44048621496
307200 21024 -1104 277.52363965 269.783057458 -0.0257547824694 0.172428390898
307200 19538 -1486 277.440833248 268.813235746 -0.0828064018944 -0.969821712417
307200 19438 -100 278.577682889 266.91315979 1.13684964116 -1.90007595562
307200 18811 -627 281.059592791 263.468661953 2.48190990227 -3.44449783699
307200 18525 -286 286.094304993 260.162105263 5.0347122018 -3.30655668995
307200 18899 374 293.114926716 257.671146622 7.02062172245 -2.49095864164
307200 19610 711 288.26445691 258.13972463 -4.85046980596 0.468578008776
307200 19685 75 289.176225552 254.491135382 0.911768642711 -3.64858924802
307200 20103 418 293.485300701 253.469979605 4.30907514894 -1.02115577724
307200 19714 -389 299.788830273 253.540529573 6.30352957151 0.0705499678583
307200 19266 -448 298.273331257 254.285165577 -1.51549901577 0.744636003771
307200 18487 -779 304.253962244 253.005517391 5.9806309866 -1.27964818606
307200 19049 562 306.815685863 251.980628904 2.56172361904 -1.02488848619
307200 18359 -690 307.136554279 251.901846506 0.320868415781 -0.0787823986035
307200 17562 -797 310.864423186 250.932980298 3.72786890787 -0.968866207429
307200 17453 -109 315.534635879 249.336503753 4.67021269279 -1.59647654544
307200 16413 -1040 316.599890331 247.372936087 1.06525445162 -1.96356766569
307200 16441 28 320.807371814 246.657198467 4.20748148353 -0.715737620001
307200 15813 -628 323.363751344 244.09422627 2.55637952946 -2.56297219772
307200 15372 -441 327.086520947 239.964025501 3.72276960335 -4.13020076861
307200 14692 -680 335.864007623 239.711611762 8.77748667602 -0.252413739408
307200 13634 -1058 340.583394455 239.553175884 4.71938683184 -0.158435877683
307200 13045 -589 345.817477961 236.978689153 5.23408350587 -2.57448673089
307200 13375 330 343.28717757 235.902130841 -2.53030039081 -1.07655831181
307200 13156 -219 344.274475524 236.483201581 0.987297954382 0.581070739906
307200 12363 -793 353.296934401 238.098519777 9.02245887656 1.61531819573
307200 12462 99 354.156796662 233.829160648 0.859862260817 -4.26935912838
307200 12666 204 346.247118269 235.209221538 -7.90967839247 1.3800608896
307200 12975 309 351.630134875 234.922928709 5.38301660538 -0.28629282892
307200 13934 959 339.67762308 235.527199656 -11.9525117945 0.604270946463
307200 15249 1315 327.427569021 238.198898288 -12.2500540593 2.67169863289
307200 15198 -51 334.176207396 239.40386893 6.74863837479 1.20497064171
307200 16061 863 326.532719009 240.974721375 -7.64348838693 1.57085244464
307200 16053 -8 329.640004983 243.147822837 3.10728597471 2.17310146209
307200 16350 297 328.521712538 243.566911315 -1.11829244527 0.419088478132
307200 16586 236 329.073556011 244.396780417 0.551843472867 0.829869102235
307200 17440 854 328.295355505 245.181192661 -0.778200506506 0.784412243331
307200 17784 344 328.497525866 247.786043635 0.20217036136 2.60485097418
307200 18550 766 327.9606469 249.43574124 -0.536878965677 1.64969760516
307200 18401 -149 330.935655671 250.146296397 2.97500877062 0.710555157043
307200 19172 771 323.456551221 249.637492176 -7.47910445036 -0.508804220845
307200 19497 325 319.611427399 247.188131507 -3.84512382144 -2.44936066868
307200 19142 -355 320.252011284 246.498432766 0.640583885 -0.689698741765
307200 20333 1191 318.542959721 245.065361727 -1.70905156344 -1.4330710384
307200 22816 2483 314.093443198 246.589936886 -4.4495165229 1.52457515915
307200 23196 380 308.418391102 250.579453354 -5.67505209584 3.98951646763
307200 24365 1169 306.836568849 254.623106916 -1.58182225316 4.04365356163
307200 25561 1196 297.601815265 262.481358319 -9.23475358332 7.85825140366
307200 23631 -1930 296.842410393 264.553679489 -0.759404872316 2.07232116949
307200 25105 1474 290.237124079 268.816889066 -6.60528631426 4.26320957712
307200 24295 -810 289.361473554 268.066598065 -0.875650524639 -0.750291000478
307200 24526 231 284.820924733 270.585541874 -4.54054882129 2.51894380848
307200 23373 -1153 281.685363454 270.912848158 -3.13556127938 0.327306284201
307200 22008 -1365 281.952789895 271.174754635 0.267426441026 0.261906476547
307200 22992 984 284.469337161 270.509177105 2.51654726617 -0.665577529598
307200 23048 56 279.525815689 268.778505727 -4.94352147175 -1.7306713779
307200 23479 431 278.870863325 268.587120405 -0.654952364324 -0.191385321709
307200 23612 133 281.136964255 268.619261393 2.26610093079 0.0321409870435
307200 23776 164 281.463871131 268.338240242 0.326906875088 -0.281021150251
307200 24137 361 283.535112069 267.962795708 2.07124093806 -0.375444534427
307200 23335 -802 285.169316477 268.275894579 1.63420440879 0.313098871124
307200 23591 256 282.615531347 267.238650333 -2.55378513069 -1.0372442462
307200 23173 -418 284.325939671 265.888059379 1.71040832447 -1.3505909533
307200 22502 -671 287.367078482 263.843658341 3.04113881074 -2.04440103797
307200 21715 -787 289.97812572 263.545429427 2.61104723764 -0.298228914817
307200 20917 -798 292.713247598 262.435435292 2.7351218781 -1.1099941348
307200 20292 -625 292.309235167 262.597427558 -0.40401243108 0.16199226579
307200 19951 -341 293.659816551 261.187659766 1.35058138398 -1.40976779123
307200 20180 229 299.273290387 260.367096135 5.61347383597 -0.820563631641
307200 20532 352 300.326368595 260.303574907 1.05307820884 -0.0635212273254
307200 21014 482 304.405396402 260.782145237 4.07902780704 0.478570329047
307200 21473 459 307.775066362 259.752852419 3.36966996001 -1.02929281719
307200 21868 395 310.359383574 259.12351381 2.58431721176 -0.629338609184
307200 22451 583 312.978664647 260.655471917 2.61928107328 1.53195810648
307200 23289 838 312.397354974 261.727983168 -0.581309673003 1.0725112514
307200 23524 235 313.650399592 262.118729808 1.25304461745 0.390746639837
307200 23004 -520 313.379107981 260.395105199 -0.271291610685 -1.72362460876
307200 23128 124 314.689164649 260.608353511 1.31005666769 0.2132483118
307200 23564 436 310.214734341 259.910626379 -4.47443030839 -0.697727131673
307200 22979 -585 315.843161147 260.082597154 5.62842680661 0.171970774701
307200 22767 -212 315.612289718 258.929678921 -0.230871429561 -1.15291823268
307200 23582 815 315.749173098 259.098507336 0.136883380552 0.168828414858
307200 24013 431 315.881647441 259.961937284 0.132474342844 0.863429947867
307200 24214 201 312.13979516 259.121169571 -3.74185228114 -0.840767712649
307200 24802 588 309.778001774 260.113781147 -2.36179338577 0.992611575359
307200 24982 180 312.250980706 257.992114322 2.47297893206 -2.12166682437
307200 25312 330 311.337349874 258.330949747 -0.913630832531 0.338835424843
307200 26266 954 308.362940684 259.635802939 -2.9744091898 1.30485319201
307200 25970 -296 307.018328841 259.124759338 -1.3446118428 -0.511043601464
307200 26773 803 305.590333545 258.153998431 -1.42799529598 -0.970760906442
307200 27000 227 307.812407407 259.315777778 2.22207386242 1.16177934652
307200 27073 73 306.180253389 259.950688878 -1.63215401842 0.63491110044
307200 26438 -635 302.338111809 260.962591724 -3.84214158023 1.01190284582
307200 25593 -845 301.706560388 261.216582659 -0.631551421154 0.253990935287
307200 24726 -867 301.624848338 263.614616193 -0.0817120498239 2.39803353416
307200 25400 674 297.742007874 262.861102362 -3.88284046377 -0.753513831276
307200 26003 603 299.757028035 261.406222359 2.01502016121 -1.45488000325
307200 25257 -746 298.25581027 261.865581819 -1.50121776481 0.459359459943
307200 24902 -355 299.28435467 260.927596177 1.02854439989 -0.937985641888
307200 24687 -215 299.695831814 261.795155345 0.411477144008 0.867559167905
307200 23683 -1004 302.546594604 260.858041633 2.85076278941 -0.937113711679
307200 22722 -961 301.058401549 262.453657248 -1.48819305456 1.59561561524
307200 22520 -202 299.773801066 261.195825933 -1.28460048344 -1.25783131598
307200 22009 -511 295.539642873 263.753464492 -4.23415819235 2.55763855929
307200 21880 -129 298.86750457 263.66357404 3.32786169701 -0.0898904515794
307200 21519 -361 299.793020122 263.313908639 0.925515551369 -0.349665401342
307200 21335 -184 296.681931099 264.567518163 -3.11108902262 1.25360952377
307200 20508 -827 296.847279111 265.459576751 0.165348011458 0.892058587893
307200 20089 -419 296.682512818 266.410075166 -0.164766292631 0.950498414977
307200 20040 -49 295.403143713 265.415668663 -1.27936910539 -0.994406502839
307200 20235 195 293.062268347 263.145144552 -2.34087536565 -2.27052411115
307200 20605 370 293.7806843 263.498374181 0.718415953004 0.353229629504
307200 21506 901 293.599786106 264.143773831 -0.180898193724 0.645399649535
307200 22248 742 294.719839986 264.761147069 1.12005387941 0.617373238841
307200 23868 1620 293.777275013 262.793489191 -0.942564973048 -1.96765787885
307200 25668 1800 296.778985507 261.996493689 3.00171049468 -0.796995501908
307200 25874 206 297.45018165 260.897928422 0.671196142286 -1.09856526629
307200 26216 342 295.974748245 259.718950259 -1.47543340419 -1.17897816297
307200 25579 -637 297.01497322 257.839829548 1.04022497487 -1.87912071171
307200 25247 -332 298.333425754 257.832692993 1.31845253334 -0.00713655444889
307200 25073 -174 295.072787461 258.501336099 -3.26063829294 0.668643105365
307200 24914 -159 292.366621177 258.118046079 -2.70616628377 -0.383290020082
307200 23929 -985 285.926908772 261.407288228 -6.43971240507 3.28924214916
307200 23004 -925 286.28290732 260.966701443 0.355998548683 -0.440586784446
307200 21194 -1810 287.918986506 261.492686609 1.63607918515 0.525985166191
307200 20467 -727 284.776567157 261.733571114 -3.14241934873 0.240884505059
307200 19776 -691 286.396389563 260.624696602 1.61982240622 -1.10887451254
307200 19568 -208 284.05917825 262.769368357 -2.3372113129 2.14467175456
307200 19889 321 282.426919403 264.152898587 -1.63225884752 1.38353023066
307200 19686 -203 284.640048766 263.522401707 2.21312936294 -0.630496880362
307200 19838 152 286.20279262 262.101320698 1.5627438546 -1.42108100915
307200 19092 -746 288.966478106 262.439136811 2.76368548579 0.337816113579
307200 19781 689 289.914615035 263.223800617 0.948136928616 0.784663805524
307200 20000 219 290.94565 263.93765 1.03103496537 0.713849383247
307200 19935 -65 289.918485076 265.882066717 -1.0271649235 1.94441671683
307200 20000 65 287.66175 266.8067 -2.2567350765 0.92463328317
307200 20482 482 289.816180061 268.081046773 2.15443006054 1.27434677278
307200 21492 1010 286.081146473 270.477991811 -3.73503358743 2.39694503813
307200 22680 1188 289.342151675 271.460141093 3.26100520238 0.982149282568
307200 23758 1078 293.999747453 271.215716811 4.657595778 -0.244424282295
307200 25008 1250 290.340451056 273.847328855 -3.65929639783 2.63161204359
307200 24713 -295 294.945251487 274.662323473 4.60480043141 0.814994618709
307200 25122 409 291.194132633 276.350409999 -3.75111885432 1.68808652573
307200 25754 632 290.590626699 278.33823872 -0.603505933987 1.98782872099
307200 25768 14 290.083941323 281.197337783 -0.506685376195 2.8590990631
307200 25461 -307 295.930717568 283.166607753 5.84677624547 1.96926996974
307200 25923 462 296.457663079 285.143540485 0.526945511074 1.97693273225
307200 26369 446 294.5313057 283.036254693 -1.92635737924 -2.10728579227
307200 25671 -698 295.150520042 279.440497059 0.619214342196 -3.59575763407
307200 24591 -1080 295.439632386 274.20039852 0.289112343761 -5.24009853915
307200 23966 -625 290.476049403 269.477217725 -4.96358298251 -4.72318079467
307200 20797 -3169 286.986151849 258.283117757 -3.4898975545 -11.1940999677
307200 20184 -613 291.452041221 253.643529528 4.46588937194 -4.63958822903
307200 18601 -1583 283.261061233 240.645449169 -8.1909799875 -12.9980803589
307200 17999 -602 284.432857381 235.520806711 1.1717961477 -5.12464245792
307200 18117 118 281.706463543 229.448694596 -2.72639383844 -6.07211211525
307200 18160 43 292.312720264 230.267400881 10.6062567218 0.818706284822
307200 19368 1208 295.85212722 233.023285832 3.53940695584 2.75588495124
307200 18527 -841 290.562260485 236.011064932 -5.28986673546 2.98777909996
307200 17790 -737 281.219449129 241.478752108 -9.34281135597 5.46768717566
307200 19043 1253 285.946489524 247.73995694 4.72704039499 6.26120483163
307200 19275 232 303.877042802 251.124046693 17.9305532778 3.38408975305
307200 21111 1836 316.538155464 251.440765478 12.6611126624 0.316718785106
307200 20478 -633 309.97704854 245.157486083 -6.56110692408 -6.28327939509
307200 20914 436 318.116285742 241.831404801 8.13923720171 -3.32608128201
307200 20942 28 320.02411422 238.494460892 1.90782847862 -3.33694390862
307200 21159 217 319.397372277 234.031050617 -0.626741943655 -4.46341027523
307200 19624 -1535 330.838768854 230.400173257 11.4413965779 -3.63087735952
307200 20523 899 331.750621254 229.413536033 0.911852399739 -0.986637224492
307200 21328 805 346.228619655 227.303450863 14.4779984007 -2.11008517003
307200 23334 2006 352.721093683 217.700951401 6.49247402812 -9.60249946133
307200 22874 -460 366.51814287 205.298286264 13.7970491866 -12.4026651375
307200 21361 -1513 364.977107813 191.586395768 -1.54103505633 -13.7118904959
307200 21709 348 369.081394813 185.412732047 4.10428699991 -6.17366372137
307200 22213 504 370.026155855 186.806734795 0.944761041469 1.39400274832
307200 23842 1629 377.887006124 185.450675279 7.86085026897 -1.35605951602
307200 24565 723 378.054060655 187.93755343 0.167054531757 2.48687815076
307200 25044 479 376.913911516 191.473726242 -1.14014913967 3.53617281214
307200 25618 574 363.35030057 196.916504021 -13.5636109458 5.4427777788
307200 26700 1082 351.99588015 204.443558052 -11.3544204201 7.52705403182
307200 29199 2499 348.42357615 213.566937224 -3.57230399994 9.12337917144
307200 30017 818 340.132891362 223.337308858 -8.29068478831 9.77037163444
307200 30453 436 330.920598956 230.022690704 -9.21229240579 6.68538184539
307200 28980 -1473 329.430193237 234.482505176 -1.49040571905 4.45981447228
307200 27739 -1241 331.257759833 238.610151772 1.82756659601 4.12764659589
307200 29840 2101 324.916521448 242.834852547 -6.34123838501 4.22470077504
307200 29682 -158 319.470554545 243.38895627 -5.44596690288 0.554103722876
307200 29470 -212 316.343501866 243.920257889 -3.12705267854 0.531301619586
307200 29052 -418 315.543921245 242.260257469 -0.79958062164 -1.66000042001
307200 27916 -1136 318.036681473 241.409084396 2.49276022833 -0.85117307332
307200 26393 -1523 319.321183647 241.829765468 1.28450217419 0.420681072071
307200 26495 102 317.768446877 240.031137951 -1.55273677041 -1.79862751756
307200 27430 935 309.425993438 237.143492526 -8.34245343893 -2.88764542413
307200 28895 1465 305.808963488 237.562069562 -3.61702994935 0.418577035777
307200 30497 1602 307.979965242 239.012853723 2.17100175399 1.45078416111
307200 31229 732 318.966857728 239.403054853 10.9868924859 0.390201129544
307200 31702 473 336.722320358 241.098321872 17.7554626299 1.69526701958
307200 30734 -968 351.240092406 232.513600573 14.5177720475 -8.58472129978
307200 30057 -677 355.594636857 220.103403533 4.35454445083 -12.4101970394
307200 28642 -1415 360.755568745 204.471615111 5.16093188856 -15.6317884226
307200 28089 -553 370.519491616 195.677240201 9.76392287074 -8.79437490989
307200 29566 1477 379.284989515 195.931712102 8.76549789905 0.254471900948
307200 31830 2264 388.69908891 206.469117185 9.41409939485 10.5374050833
307200 32787 957 393.460243389 218.427090005 4.76115447931 11.9579728201
307200 31313 -1474 397.119630824 233.548174879 3.65938743511 15.1210848743
307200 31965 652 393.807289223 245.875770374 -3.31234160167 12.3275954944
307200 32247 282 384.789034639 259.750519428 -9.01825458371 13.8747490543
307200 31876 -371 373.997835362 270.731647635 -10.7911992769 10.9811282064
307200 32170 294 360.247280075 276.85613926 -13.7505552874 6.1244916256
307200 31951 -219 339.793652781 283.877625113 -20.4536272938 7.02148585327
307200 31421 -530 320.314566691 286.041532733 -19.4790860898 2.16390761943
307200 31182 -239 301.980982618 277.972836893 -18.3335840729 -8.06869583981
307200 30815 -367 285.100178485 272.212688626 -16.8808041337 -5.76014826741
307200 29952 -863 280.066272703 261.538127671 -5.03390578151 -10.6745609547
307200 29947 -5 278.349784619 240.168664641 -1.7164880835 -21.3694630301
307200 31703 1756 273.936220547 216.596284263 -4.41356407254 -23.5723803775
307200 33189 1486 272.010846967 190.773750339 -1.92537357958 -25.8225339244
307200 26763 -6426 295.678698203 171.882487016 23.6678512354 -18.8912633233
307200 23342 -3421 319.55535087 164.068717334 23.8766526669 -7.81376968209
307200 22008 -1334 336.2054253 155.722918939 16.6500744302 -8.34579839499
307200 20736 -1272 352.047646605 152.451630015 15.842221305 -3.27128892314
307200 21393 657 362.79853223 144.795774319 10.7508856252 -7.65585569673
307200 23443 2050 370.349827241 142.384677729 7.55129501037 -2.41109658974
307200 28850 5407 385.322218371 153.025268631 14.9723911303 10.6405909019
307200 37226 8376 400.746870467 176.216192983 15.424652096 23.1909243525
307200 44477 7251 416.238865031 225.668885042 15.4919945645 49.4526920583
307200 42555 -1922 407.797039126 283.080648572 -8.44182590553 57.4117635307
307200 36078 -6477 393.847885138 318.065469261 -13.9491539881 34.9848206886
307200 29832 -6246 372.182857334 310.621078037 -21.6650278034 -7.44439122404
307200 27436 -2396 351.141201341 293.67345823 -21.0416559931 -16.9476198069
307200 30619 3183 332.817107025 299.777425781 -18.3240943163 6.10396755131
307200 33401 2782 317.116882728 286.508008742 -15.700224297 -13.2694170391
307200 29792 -3609 313.822200591 255.759297798 -3.2946821373 -30.7487109442
307200 28194 -1598 312.163474498 234.741079662 -1.65872609264 -21.0182181357
307200 31105 2911 296.330654236 219.745571452 -15.8328202625 -14.9955082108
307200 28752 -2353 296.017181413 208.418092654 -0.313472822186 -11.3274787971
307200 30419 1667 299.555968309 204.863473487 3.53878689581 -3.55461916746
307200 25573 -4846 309.099714543 206.831150041 9.5437462334 1.96767655409
307200 19851 -5722 331.08085235 210.114100045 21.9811378073 3.28295000428
307200 16851 -3000 344.759420806 213.243368346 13.6785684559 3.12926830075
307200 16875 24 343.396503704 214.987733333 -1.36291710218 1.74436498724
307200 18365 1490 336.822433978 215.801470188 -6.57406972603 0.813736854524
307200 18254 -111 341.138106716 219.261093459 4.31567273866 3.45962327111
307200 17528 -726 342.829187586 223.043986764 1.69108086924 3.78289330507
307200 16605 -923 351.280337248 226.499608552 8.45114966224 3.45562178761
307200 16317 -288 358.672488815 228.094502666 7.39215156753 1.59489411429
307200 16603 286 355.228512919 231.897789556 -3.44397589599 3.80328689017
307200 15871 -732 358.613760948 231.786528889 3.38524802829 -0.111260666935
307200 16865 994 360.038185591 231.586718055 1.42442464382 -0.199810834025
307200 16996 131 361.591374441 230.169510473 1.55318884958 -1.41720758209
307200 17084 88 362.839733084 225.423846874 1.24835864254 -4.74566359878
307200 18629 1545 369.134843524 220.153309356 6.29511043995 -5.27053751789
307200 17830 -799 358.868199663 228.637913629 -10.2666438601 8.48460427234
307200 18930 1100 354.769994717 233.412995246 -4.09820494611 4.77508161693
307200 19270 340 345.321691749 235.784172289 -9.44830296855 2.37117704289
307200 21957 2687 345.500478207 239.270893109 0.178786458573 3.48672082073
307200 23846 1889 347.351757108 244.334186027 1.8512789007 5.06329291775
307200 24884 1038 351.54593313 241.624176177 4.19417602161 -2.71000984954
307200 25380 496 348.695981087 242.30177305 -2.84995204225 0.677596872182
307200 24590 -790 341.584831232 243.385034567 -7.11114985526 1.08326151725
307200 23974 -616 339.649912405 240.864561608 -1.9349188271 -2.52047295849
307200 20501 -3473 320.290229745 242.105068045 -19.3596826602 1.24050643705
307200 19951 -550 319.718610596 243.303192822 -0.57161914893 1.19812477695
307200 20677 726 315.029598104 244.160661605 -4.68901249179 0.857468782267
307200 19751 -926 325.211584224 242.974532935 10.1819861194 -1.18612866964
307200 21950 2199 334.8938041 239.887927107 9.68221987664 -3.08660582798
307200 34299 12349 370.239890376 239.55867518 35.3460862756 -0.329251927027
307200 32802 -1497 359.809249436 252.756386806 -10.4306409398 13.1977116256
307200 30676 -2126 346.815621333 258.552679619 -12.9936281034 5.79629281356
307200 28432 -2244 334.495673889 263.228158413 -12.3199474441 4.67547879381
307200 29545 1113 336.34320528 268.063902522 1.8475313915 4.83574410852
307200 30476 931 335.273198582 274.371767949 -1.07000669759 6.30786542697
307200 31941 1465 336.602642372 283.868851946 1.32944378938 9.49708399723
307200 32300 359 332.562786378 293.158266254 -4.03985599416 9.28941430809
307200 33647 1347 330.321365946 302.985734241 -2.24142043126 9.82746798692
307200 34705 1058 331.59429477 313.69358882 1.27292882376 10.7078545793
307200 34326 -379 318.650935151 317.848307405 -12.943359619 4.15471858541
307200 32022 -2304 310.804009743 318.463556305 -7.8469254079 0.615248899575
307200 30149 -1873 295.881422269 317.744004776 -14.9225874739 -0.719551528762
307200 25874 -4275 288.025430935 303.46046224 -7.85599133487 -14.2835425362
307200 23626 -2248 278.61944468 287.257470583 -9.40598625494 -16.2029916568
307200 19526 -4100 284.161016081 271.637150466 5.54157140153 -15.6203201172
307200 19359 -167 283.838421406 273.055168139 -0.322594675058 1.4180176728
307200 18576 -783 277.82994186 264.383774763 -6.0084795456 -8.67139337571
307200 18512 -64 276.774578652 261.693009939 -1.05536320878 -2.69076482364
307200 18450 -62 266.770189702 252.144173442 -10.0043889498 -9.54883649776
307200 18377 -73 264.634107852 253.579746422 -2.13608184969 1.43557298042
307200 18474 97 262.153675436 254.505846054 -2.48043241646 0.926099631755
307200 18419 -55 260.156468864 254.40843694 -1.99720657207 -0.0974091137974
307200 18024 -395 262.416167332 251.77879494 2.25969846877 -2.62964200004
307200 18619 595 257.073795585 253.612331489 -5.34237174729 1.83353654926
307200 18553 -66 244.552363499 249.741659031 -12.521432086 -3.87067245845
307200 18641 88 245.599431361 247.312912397 1.04706786181 -2.42874663348
307200 18438 -203 242.108363163 247.231966591 -3.49106819795 -0.080945806667
307200 18529 91 241.433428679 247.178045226 -0.674934483665 -0.0539213643347
307200 18471 -58 238.884792377 248.397866927 -2.54863630213 1.21982170013
307200 18726 255 235.589074015 249.380914237 -3.2957183625 0.983047310356
307200 18498 -228 235.582819764 247.318520921 -0.00625425044001 -2.06239331571
307200 18486 -12 232.639943741 244.642323921 -2.94287602309 -2.67619700038
307200 18060 -426 230.272812846 245.957751938 -2.36713089514 1.31542801718
307200 18403 343 232.878172037 243.723795033 2.6053591911 -2.23395690457
307200 18372 -31 229.926573046 243.27155454 -2.95159899123 -0.452240493902
307200 18149 -223 230.11918012 245.371645821 0.192607074177 2.10009128119
307200 17990 -159 226.145414119 242.964535853 -3.97376600116 -2.40710996745
307200 17881 -109 227.59017952 242.596666853 1.44476540121 -0.367869000168
307200 18144 263 224.035934744 242.418650794 -3.55424477589 -0.178016059434
307200 18014 -130 225.74497613 239.963583879 1.70904138541 -2.45506691445
307200 17563 -451 224.304332973 241.575471161 -1.44064315695 1.61188728176
307200 17815 252 222.569856862 239.220319955 -1.73447611053 -2.35515120587
307200 17564 -251 223.673878388 240.855215213 1.10402152542 1.63489525784
307200 17512 -52 219.22407492 241.951005025 -4.44980346756 1.09578981219
307200 17512 0 220.942839196 239.367119689 1.71876427593 -2.58388533577
307200 17590 78 218.492382035 243.877316657 -2.45045716073 4.51019696784
307200 17132 -458 220.098295587 240.729453654 1.60591355196 -3.14786300321
307200 17084 -48 219.909974245 242.519843128 -0.188321342298 1.79038947409
307200 17245 161 220.426268484 242.042910989 0.516294238711 -0.476932139381
307200 17348 103 217.619091538 241.894397049 -2.80717694569 -0.148513940041
307200 17395 47 218.678010923 238.901235987 1.05891938475 -2.9931610613
307200 17250 -145 218.236231884 242.937681159 -0.441779038621 4.03644517207
307200 17127 -123 218.240088749 239.436095055 0.00385686470131 -3.50158610483
307200 17239 112 217.951215268 239.075700447 -0.288873481052 -0.360394607931
307200 17334 95 218.103034499 241.409426561 0.151819230966 2.33372611386
307200 17123 -211 216.142031186 242.074578053 -1.96100331255 0.665151492394
307200 17311 188 214.94881867 238.33522038 -1.19321251591 -3.73935767281
307200 16934 -377 216.991142081 240.512873509 2.04232341081 2.17765312881
307200 17470 536 213.336805953 241.304522038 -3.65433612796 0.791648528862
307200 17083 -387 217.852250776 241.598489727 4.51544482256 0.29396768885
307200 17134 51 214.951441578 239.662133769 -2.90080919748 -1.93635595751
307200 17300 166 215.999075145 239.037514451 1.04763356636 -0.624619318247
