640 480 30412 30412 315.874556096 240.95695778 315.874556096 240.95695778
640 480 30329 -83 318.371591546 241.336806357 2.49703544977 0.379848577128
640 480 30071 -258 317.683382661 241.981377407 -0.68820888501 0.644571049852
640 480 30125 54 318.286041494 241.784033195 0.60265883274 -0.197344211783
640 480 30108 -17 318.222631859 241.430848944 -0.0634096351337 -0.353184251218
640 480 30079 -29 318.852222481 241.777286479 0.629590622158 0.346437535136
640 480 30150 71 318.149917081 241.401625207 -0.70230539954 -0.375661271642
640 480 30127 -23 317.988714442 241.079463604 -0.161202639066 -0.322161603221
640 480 30094 -33 317.428391041 240.885525354 -0.560323400791 -0.193938250185
640 480 30233 139 317.351139483 241.468428538 -0.0772515580576 0.582903184461
640 480 30199 -34 316.120169542 240.534521011 -1.23096994131 -0.933907527723
640 480 30224 25 315.807040762 239.811772102 -0.31312877973 -0.722748908988
640 480 29954 -270 315.432730186 239.493222942 -0.374310576022 -0.318549159797
640 480 29959 5 312.319670216 238.450081778 -3.11305997032 -1.04314116341
640 480 30529 570 308.143994235 238.260342625 -4.17567598097 -0.189739153385
640 480 30616 87 311.719689051 241.993304155 3.57569481649 3.73296152965
640 480 32464 1848 315.970644406 251.063670527 4.25095535464 9.07036637266
640 480 32627 163 313.222361848 253.607748184 -2.74828255856 2.54407765667
640 480 28168 -4459 311.967161318 254.254579665 -1.25520052974 0.646831480849
640 480 24644 -3524 308.890277552 249.365930855 -3.07688376546 -4.88864880949
640 480 23705 -939 305.149883991 250.37376081 -3.74039356163 1.00782995458
640 480 21948 -1757 300.410515765 250.326863496 -4.73936822618 -0.0468973144208
640 480 21353 -595 301.333489439 251.195101391 0.922973674889 0.86823789537
640 480 21296 -57 305.438580015 251.790336213 4.1050905756 0.595234822468
640 480 19706 -1590 311.950979397 254.181264589 6.51239938211 2.39092837609
640 480 20609 903 312.284729972 249.539909748 0.333750575204 -4.6413548413
640 480 21498 889 315.622848637 244.083914783 3.33811866474 -5.4559949654
640 480 22104 606 320.284292436 238.226972494 4.66144379868 -5.8569422891
640 480 22680 576 320.142107584 238.376719577 -0.142184851984 0.149747083053
640 480 22428 -252 323.118111289 242.413278045 2.97600370569 4.03655846858
640 480 22423 -5 321.237122597 243.597243901 -1.88098869213 1.18396585605
640 480 22982 559 321.969584893 241.44848142 0.732462295192 -2.14876248111
640 480 22963 -19 320.661673126 241.552584593 -1.30791176619 0.104103172364
640 480 23009 46 313.515059325 242.130557608 -7.14661380172 0.577973015287
640 480 23658 649 315.461704286 241.287936427 1.94664496146 -0.842621180468
640 480 24246 588 313.252660233 239.779881218 -2.20904405346 -1.5080552099
640 480 25049 803 309.148948062 239.254141882 -4.10371217082 -0.525739335609
640 480 25163 114 313.94770099 240.374041251 4.79875292775 1.11989936913
640 480 24776 -387 315.091136584 242.036769454 1.14343559424 1.66272820327
640 480 24181 -595 311.508622472 242.552334477 -3.5825141116 0.515565023172
640 480 23319 -862 314.862515545 241.646168361 3.35389307307 -0.906166116918
640 480 24487 1168 310.985257484 239.351451791 -3.8772580617 -2.29471656982
640 480 24798 311 316.590329865 239.295991612 5.60507238175 -0.0554601785193
640 480 26451 1653 314.627537711 239.235643265 -1.96279215407 -0.0603483473219
640 480 26079 -372 312.872847885 237.900571341 -1.75468982597 -1.33507192398
640 480 27121 1042 310.409240072 236.910954611 -2.463607813 -0.989616730107
640 480 26744 -377 311.56094825 238.547262937 1.15170817781 1.63630832666
640 480 28032 1288 310.468678653 239.750499429 -1.09226959711 1.20323649174
640 480 28441 409 312.757216694 242.483914068 2.28853804124 2.7334146385
640 480 30793 2352 305.720131199 248.17377326 -7.03708549556 5.68985919244
640 480 33463 2670 299.082718226 258.145414338 -6.63741297255 9.97164107807
640 480 32800 -663 290.511402439 272.49375 -8.57131578708 14.3483356618
640 480 31332 -1468 289.558821652 274.612472871 -0.952580787039 2.11872287119
640 480 30156 -1176 292.097924128 271.535614803 2.53910247588 -3.07685806816
640 480 29167 -989 295.145609764 268.736620153 3.04768563659 -2.79899465011
640 480 28397 -770 298.476951791 263.037010952 3.33134202622 -5.69960920105
640 480 28710 313 299.785405782 260.07718565 1.30845399128 -2.95982530226
640 480 28533 -177 302.188273227 260.779588547 2.40286744553 0.702402896996
640 480 30874 2341 311.230938654 255.510623826 9.04266542639 -5.26896472072
640 480 31312 438 323.480582524 251.514211804 12.2496438704 -3.99641202209
640 480 31446 134 325.226706099 246.050976277 1.74612357507 -5.46323552699
640 480 29528 -1918 325.563803847 246.025060959 0.337097747851 -0.0259153177023
640 480 27643 -1885 326.062258076 243.488152516 0.49845422899 -2.53690844308
640 480 27727 84 321.986150683 244.343924694 -4.07610739274 0.855772178334
640 480 24771 -2956 327.167897945 250.820192968 5.18174726173 6.47626827324
640 480 21754 -3017 338.854325641 255.436931139 11.6864276961 4.61673817152
640 480 21055 -699 343.222654951 255.516741867 4.36832931006 0.0798107274391
640 480 21290 235 340.675434476 254.428276186 -2.54722047504 -1.08846568054
640 480 21551 261 337.074984919 256.288849705 -3.60044955679 1.86057351935
640 480 21431 -120 328.413093183 258.634081471 -8.66189173672 2.34523176542
640 480 21765 334 327.661750517 256.360349184 -0.751342665888 -2.2737322863
640 480 23616 1851 322.22260332 254.406885163 -5.4391471971 -1.95346402187
640 480 24973 1357 320.887558563 255.310094902 -1.33504475653 0.903209739893
640 480 25645 672 316.866757653 250.993527003 -4.02080091068 -4.31656789918
640 480 29287 3642 294.8417728 241.973947485 -22.0249848523 -9.01957951808
640 480 29525 238 269.228619814 239.19407282 -25.6131529865 -2.77987466559
640 480 30442 917 249.707443663 248.945108731 -19.5211761504 9.75103591171
640 480 30259 -183 237.374863677 264.531246902 -12.3325799864 15.5861381704
640 480 30495 236 221.348745696 279.46728972 -16.0261179809 14.9360428179
640 480 29934 -561 203.142814191 287.896873121 -18.2059315048 8.42958340124
640 480 28020 -1914 199.381798715 288.120663812 -3.76101547602 0.223790690697
640 480 27214 -806 190.733556258 279.539685456 -8.64824245739 -8.58097835555
640 480 28281 1067 185.602171069 267.108836321 -5.13138518889 -12.4308491348
640 480 28472 191 187.534665636 250.354629109 1.9324945675 -16.7542072119
640 480 27790 -682 197.477365959 232.664843469 9.94270032256 -17.6897856404
640 480 27619 -171 213.819725551 212.689670155 16.3423595923 -19.9751733143
640 480 28047 428 234.074054266 193.110065248 20.2543287148 -19.579604907
640 480 26879 -1168 257.323523941 183.948361174 23.2494696746 -9.16170407347
640 480 28224 1345 282.296166383 176.901927438 24.9726424426 -7.04643373651
640 480 27374 -850 310.693395193 174.124607292 28.3972288093 -2.77732014605
640 480 27127 -247 333.609614038 186.528219117 22.9162188452 12.4036118259
640 480 27661 534 341.678898088 202.980767145 8.06928404989 16.4525480276
640 480 29251 1590 341.187207275 222.688318348 -0.491690812595 19.707551203
640 480 26540 -2711 327.443820648 247.422305953 -13.7433866269 24.7339876052
640 480 30729 4189 322.925054509 270.870968792 -4.51876613931 23.4486628384
640 480 31817 1088 324.213973662 302.152277085 1.28891915311 31.2813082929
640 480 36431 4614 340.537509264 326.902884906 16.3235356022 24.7506078211
640 480 36205 -226 335.998204668 346.401795332 -4.53930459622 19.4989104264
640 480 33256 -2949 311.052802502 353.254660813 -24.9454021661 6.85286548095
640 480 31331 -1925 288.161756727 353.832625834 -22.8910457752 0.577965020752
640 480 30998 -333 261.813504097 350.992483386 -26.3482526295 -2.84014244781
640 480 31503 505 246.424118338 345.170809129 -15.3893857591 -5.82167425674
640 480 31847 344 232.807925393 331.850629573 -13.6161929446 -13.3201795566
640 480 27952 -3895 237.534273039 306.201488266 4.72634764621 -25.649141307
640 480 28465 513 242.792376603 279.634147198 5.25810356335 -26.5673410673
640 480 28089 -376 245.487130193 252.505179964 2.69475359047 -27.1289672346
640 480 27195 -894 265.93524545 225.446773304 20.4481152562 -27.0584066598
640 480 27027 -168 284.784474784 201.11003811 18.8492293349 -24.3367351939
640 480 26855 -172 302.832954757 185.905753119 18.0484799726 -15.2042849914
640 480 25476 -1379 321.355746585 175.794826503 18.522791828 -10.1109266152
640 480 25201 -275 336.377127892 171.855720011 15.0213813067 -3.93910649227
640 480 25892 691 345.698478294 175.422369844 9.3213504027 3.56664983286
640 480 26334 442 343.894850763 182.697805119 -1.80362753118 7.27543527489
640 480 27579 1245 337.311396352 194.550418797 -6.58345441097 11.8526136781
640 480 28929 1350 333.349476304 217.672439421 -3.96192004824 23.1220206237
640 480 33707 4778 352.261132702 253.112202213 18.9116563984 35.4397627925
640 480 34692 985 348.964862216 265.022368269 -3.29627048633 11.9101660562
640 480 30923 -3769 336.52650131 264.604630857 -12.4383609064 -0.417737412051
640 480 22978 -7945 307.992906258 250.89446427 -28.5335950515 -13.7101665871
640 480 18157 -4821 286.887481412 250.15349452 -21.105424846 -0.740969750152
640 480 14679 -3478 272.641596839 254.464881804 -14.2458845731 4.31138728392
640 480 13960 -719 267.723495702 263.637535817 -4.91810113702 9.17265401268
640 480 14201 241 276.250123231 265.131821703 8.52662752875 1.49428588608
640 480 13702 -499 272.793022916 268.620274412 -3.4571003144 3.4884527098
640 480 13949 247 270.519177002 267.481970034 -2.27384591443 -1.1383043788
640 480 13442 -507 275.651093587 267.699226306 5.13191658533 0.217256271915
640 480 14023 581 274.900948442 268.111673679 -0.750145145418 0.412447373347
640 480 13927 -96 275.852085876 266.203346019 0.95113743451 -1.90832766043
640 480 13908 -19 274.339660627 266.038610871 -1.51242524938 -0.164735147084
640 480 13882 -26 271.486241176 267.721509869 -2.85341945135 1.68289899745
640 480 14419 537 273.16977599 262.213121576 1.68353481439 -5.5083882932
640 480 17369 2950 269.350739824 267.096436179 -3.81903616619 4.8833146037
640 480 18103 734 267.476108932 264.153897144 -1.8746308916 -2.94253903528
640 480 19848 1745 271.243651753 267.324113261 3.7675428211 3.17021611666
640 480 18935 -913 267.4452601 268.57443887 -3.79839165298 1.25032560904
640 480 18524 -411 266.255182466 268.081893759 -1.19007763435 -0.492545110371
640 480 17939 -585 265.617146998 268.713417693 -0.63803546783 0.631523933847
640 480 17487 -452 262.420312232 266.842225653 -3.19683476622 -1.87119203995
640 480 15830 -1657 262.26190777 265.72912192 -0.158404461887 -1.11310373294
640 480 16100 270 261.925403727 263.435031056 -0.336504043349 -2.2940908645
640 480 15884 -216 264.16702342 257.938302695 2.24161969309 -5.49672836137
640 480 15620 -264 269.331306018 258.908962868 5.16428259813 0.970660173582
640 480 15963 343 264.000751738 265.184363841 -5.33055427953 6.27540097327
640 480 15877 -86 253.816275115 271.327706746 -10.1844766234 6.14334290422
640 480 16548 671 250.784807832 272.265772299 -3.03146728318 0.93806555316
640 480 17114 566 250.275271707 272.573039617 -0.509536124388 0.307267317921
640 480 18751 1637 246.423177431 275.039197909 -3.85209427684 2.46615829276
640 480 21028 2277 245.136960243 279.662497622 -1.28621718705 4.62329971277
640 480 20849 -179 247.206772507 280.73279294 2.06981226359 1.07029531749
640 480 20879 30 246.388620145 281.57550649 -0.818152362432 0.842713550065
640 480 20869 -10 246.178158992 279.827303656 -0.210461152837 -1.74820283363
640 480 20757 -112 243.548104254 281.075348075 -2.63005473782 1.24804441921
640 480 20717 -40 243.574938456 280.059709417 0.0268342023536 -1.01563865796
640 480 20289 -428 239.25328996 282.916210755 -4.32164849626 2.85650133721
640 480 20436 147 241.000636132 281.842581719 1.74734617224 -1.07362903606
640 480 20059 -377 241.890074281 279.263572461 0.889438148556 -2.5790092573
640 480 18276 -1783 245.731724666 274.055975049 3.84165038536 -5.20759741199
640 480 17222 -1054 249.767042155 268.810358843 4.03531748915 -5.2456162059
640 480 15976 -1246 260.749186279 261.45624687 10.982144124 -7.35411197303
640 480 15152 -824 269.055108237 255.308210137 8.30592195712 -6.14803673303
640 480 14600 -552 279.933767123 250.708561644 10.8786588868 -4.59964849344
640 480 14313 -287 283.983511493 249.254384126 4.04974436976 -1.45417751752
640 480 14347 34 287.937757022 247.07374364 3.95424552933 -2.18064048653
640 480 14400 53 288.304375 244.127430556 0.366617977626 -2.94631308423
640 480 15248 848 284.232555089 243.176350997 -4.07181991081 -0.951079558703
640 480 14814 -434 282.670446875 241.312744701 -1.56210821461 -1.86360629589
640 480 14195 -619 283.816132441 237.833603381 1.14568556642 -3.47914131949
640 480 14061 -134 287.044378067 229.177014437 3.22824562599 -8.65658894438
640 480 16763 2702 281.406192209 215.45284257 -5.63818585796 -13.7241718671
640 480 18162 1399 280.342913776 211.676742649 -1.06327843302 -3.77609992046
640 480 19130 968 279.218400418 212.872085729 -1.12451335782 1.19534307973
640 480 19329 199 276.434062807 220.309897046 -2.78433761101 7.43781131667
640 480 19467 138 279.906354343 221.754250783 3.47229153607 1.44435373749
640 480 18624 -843 278.920317869 233.788552405 -0.986036473832 12.0343016221
640 480 19604 980 270.696388492 236.960467252 -8.22392937727 3.17191484608
640 480 17456 -2148 273.181542163 229.591372594 2.48515367101 -7.36909465763
640 480 17986 530 268.397420216 229.546814189 -4.78412194743 -0.044558405137
640 480 17463 -523 275.654412186 231.995590677 7.25699197004 2.44877648862
640 480 18108 645 280.469019218 232.859730506 4.81460703226 0.864139828421
640 480 18772 664 281.342478159 232.80396335 0.873458940935 -0.0557671561841
640 480 18552 -220 282.248490729 240.969652868 0.906012569802 8.16568951795
640 480 18815 263 281.20696253 252.780015945 -1.04152819887 11.8103630771
640 480 20629 1814 275.771195889 266.000339328 -5.43576664061 13.2203233834
640 480 21270 641 265.290126939 272.163657734 -10.4810689499 6.16331840577
640 480 21111 -159 254.945573398 279.320780636 -10.3445535416 7.15712290179
640 480 19267 -1844 255.425390564 285.899517309 0.479817166422 6.5787366737
640 480 19361 94 251.46676308 289.544031817 -3.95862748376 3.64451450715
640 480 20042 681 254.146741842 285.07589063 2.67997876171 -4.46814118686
640 480 20340 298 252.478466077 283.897246804 -1.66827576544 -1.17864382535
640 480 20223 -117 245.910300153 283.522721654 -6.56816592341 -0.374525150764
640 480 19394 -829 248.567082603 282.690316593 2.65678244958 -0.832405060802
640 480 18947 -447 246.631656727 285.108196548 -1.93542587621 2.41787995551
640 480 19489 542 247.936015188 283.885063369 1.3043584614 -1.22313317919
640 480 19580 91 247.937078652 283.798416752 0.0010634636306 -0.0866466172924
640 480 19341 -239 247.342898506 281.933095497 -0.59418014592 -1.86532125517
640 480 20383 1042 249.439238581 281.764362459 2.09634007541 -0.168733037702
640 480 20612 229 250.532941976 280.988938482 1.09370339438 -0.775423976474
640 480 21041 429 252.173328264 277.509386436 1.64038628832 -3.47955204643
640 480 20747 -294 253.393165277 275.539692486 1.21983701304 -1.96969395035
640 480 20760 13 252.559633911 271.726252408 -0.833531365539 -3.81344007718
640 480 21067 307 254.873308967 269.863625576 2.31367505526 -1.86262683293
640 480 22024 957 254.736832546 266.786641845 -0.136476420317 -3.07698373028
640 480 23667 1643 247.443571217 264.211771665 -7.29326132901 -2.57487018007
640 480 23147 -520 250.286819026 260.185034778 2.84324780892 -4.02673688746
640 480 24058 911 248.615886607 251.369107989 -1.67093241886 -8.8159267887
640 480 23438 -620 247.591134056 245.136317092 -1.02475255156 -6.23279089712
640 480 22728 -710 249.652147131 240.802358325 2.06101307548 -4.33395876737
640 480 22528 -200 245.532315341 237.59765625 -4.11983179038 -3.20470207453
640 480 22308 -220 246.148242783 233.316792182 0.615927441949 -4.28086406782
640 480 21523 -785 245.689727269 223.925010454 -0.458515514355 -9.39178172824
640 480 23107 1584 240.157787683 213.448954862 -5.53193958512 -10.4760555918
640 480 23032 -75 257.497438347 210.071726294 17.3396506633 -3.37722856831
640 480 23585 553 265.202247191 203.860546958 7.70480884436 -6.21117933604
640 480 21543 -2042 273.41136332 209.212737316 8.20911612886 5.35219035825
640 480 20978 -565 276.491467251 215.086328535 3.08010393153 5.87359121859
640 480 18885 -2093 286.765951814 223.846068308 10.2744845622 8.75973977353
640 480 18428 -457 285.381973084 229.169958758 -1.38397872917 5.32389045023
640 480 17574 -854 285.188801639 235.056162513 -0.193171445652 5.88620375439
640 480 16703 -871 286.342992277 236.608693049 1.15419063805 1.55253053635
640 480 16093 -610 286.300627602 240.048530417 -0.0423646747735 3.4398373678
640 480 17479 1386 279.280794096 243.144001373 -7.01983350629 3.09547095612
640 480 18350 871 280.041362398 243.730517711 0.760568302048 0.586516338095
640 480 18177 -173 278.883259064 248.276833361 -1.15810333417 4.54631564967
640 480 17518 -659 278.77246261 251.127183468 -0.110796453765 2.85035010759
640 480 17611 93 275.315314292 254.832434274 -3.45714831768 3.7052508056
640 480 17514 -97 275.324940048 258.328936851 0.0096257557579 3.49650257649
640 480 17480 -34 272.221052632 258.676430206 -3.10388741638 0.34749335543
640 480 17548 68 271.249487121 259.474071119 -0.97156551054 0.797640913266
640 480 18166 618 269.425024772 257.547065947 -1.82446234949 -1.92700517184
640 480 18566 400 271.281428418 254.849617581 1.85640364599 -2.69744836685
640 480 18341 -225 271.899732839 253.520418734 0.618304421457 -1.32919884654
640 480 18808 467 272.223256061 256.20975117 0.323523222256 2.68933243573
640 480 18759 -49 272.818487126 258.785969401 0.595231064929 2.57621823164
640 480 18294 -465 271.463922598 263.953919318 -1.35456452861 5.16794991646
640 480 18492 198 267.089498161 266.510707333 -4.37442443621 2.55678801509
640 480 18099 -393 265.944251064 266.902315045 -1.14524709777 0.391607712129
640 480 18914 815 265.263508512 262.333456699 -0.680742551382 -4.56885834629
640 480 21540 2626 259.209424327 255.340482823 -6.05408418538 -6.99297387609
640 480 21722 182 263.719823221 252.749608692 4.51039889386 -2.59087413101
640 480 22598 876 260.067218338 258.677803345 -3.65260488279 5.92819465378
640 480 25273 2675 250.759862304 270.016183279 -9.30735603426 11.3383799332
640 480 27839 2566 252.241854952 281.090089443 1.48199264804 11.0739061643
640 480 25223 -2616 262.185624232 286.716449272 9.94376928017 5.62635982962
640 480 24128 -1095 264.571203581 301.727950928 2.38557934905 15.0115016559
640 480 23175 -953 267.251779935 307.330830636 2.68057635437 5.60287970808
640 480 24567 1392 271.052428054 322.138763382 3.80064811862 14.8079327453
640 480 22065 -2502 264.312304555 318.920280988 -6.74012349917 -3.21848239378
640 480 17789 -4276 234.64449941 292.226150992 -29.667805145 -26.6941299958
640 480 16922 -867 229.897411653 284.470452665 -4.74708775628 -7.75569832702
640 480 16720 -202 227.586423445 285.086303828 -2.31098820849 0.615851162582
640 480 16688 -32 231.876857622 283.959971237 4.29043417727 -1.12633259093
640 480 17236 548 227.940821536 283.142608494 -3.93603608592 -0.817362742967
640 480 16911 -325 227.768139081 283.831825439 -0.172682455248 0.689216945213
640 480 16466 -445 228.613142232 283.691121098 0.845003151408 -0.140704341043
640 480 16967 501 227.446867449 285.3344728 -1.1662747839 1.64335170212
640 480 16454 -513 225.679773915 285.719764191 -1.76709353342 0.385291390937
640 480 16439 -15 224.90851025 285.113693047 -0.771263665142 -0.606071144056
640 480 16220 -219 227.254932182 285.282614057 2.34642193248 0.168921009698
640 480 16602 382 224.061860017 286.255812553 -3.19307216563 0.973198495984
640 480 16487 -115 224.15539516 286.17619943 0.0935351429574 -0.0796131228506
640 480 16532 45 226.109666102 284.137551415 1.95427094228 -2.03864801442
640 480 16934 402 225.035549782 283.824081729 -1.0741163206 -0.313469686371
640 480 16629 -305 223.778880269 284.896686512 -1.2566695121 1.07260478245
640 480 16881 252 225.718973994 284.717078372 1.94009372502 -0.179608139382
640 480 16512 -369 227.680959302 284.970385174 1.96198530789 0.253306802284
640 480 17026 514 222.064724539 287.108187478 -5.61623476339 2.13780230356
640 480 16934 -92 221.044171489 285.54080548 -1.02055304963 -1.56738199788
640 480 16773 -161 219.485780719 286.144279497 -1.5583907703 0.603474016711
640 480 16309 -464 223.851554356 285.817401435 4.36577363748 -0.32687806202
640 480 16368 59 222.107404692 284.39681085 -1.74414966441 -1.42059058435
640 480 16393 25 217.83889465 285.631062039 -4.26851004193 1.23425118824
640 480 16485 92 221.380345769 285.874491962 3.54145111873 0.243429923715
640 480 16374 -111 220.362159521 285.141688042 -1.01818624769 -0.732803920372
640 480 16690 316 220.003774715 284.976153385 -0.358384805794 -0.165534656757
